-8.573600031176456526e-02 1.800119823934828167e-01 0.000000000000000000e+00
-2.811241902515132507e-01 5.395890796522190280e-01 0.000000000000000000e+00
-3.030516140025535377e-02 2.547573831146396905e-01 0.000000000000000000e+00
-1.635518130960431638e-01 -3.096901436099955829e-01 0.000000000000000000e+00
-9.110571529428337922e-02 -2.535711046874790098e-01 0.000000000000000000e+00
-6.682537953889783333e-02 1.627229360605355474e-03 0.000000000000000000e+00
2.125700805838128815e-01 3.144622833945003859e-01 0.000000000000000000e+00
-1.462251224927919591e-01 7.098199275590688639e-02 0.000000000000000000e+00
4.084593818295360057e-01 1.065164805558311140e-01 0.000000000000000000e+00
-4.185282598372991325e-02 5.515200036119189547e-02 0.000000000000000000e+00
8.737320684159437245e-02 -2.239111448912680102e-01 0.000000000000000000e+00
4.355267762648484808e-02 -5.907192318864484815e-01 0.000000000000000000e+00
2.623123373784236878e-01 4.787769302137840910e-01 0.000000000000000000e+00
-1.382494704682114134e-02 9.660652009748429969e-02 0.000000000000000000e+00
4.388526267958441363e-01 1.258384347240987244e-03 0.000000000000000000e+00
9.992178477755431221e-02 -4.749767009513544691e-01 0.000000000000000000e+00
7.055910431188339160e-02 4.766997382687834794e-02 0.000000000000000000e+00
-9.359472093254728176e-02 1.756063109578516190e-01 0.000000000000000000e+00
1.744611533100417500e-01 6.525800850026015898e-02 0.000000000000000000e+00
-4.005991143250092756e-01 1.755412842794590311e-01 0.000000000000000000e+00
2.548399106933833536e-01 5.482297721709623872e-02 0.000000000000000000e+00
-1.975032957372875320e-01 2.680445660286416842e-01 0.000000000000000000e+00
-2.377297710045638557e-01 3.178648586851552937e-01 0.000000000000000000e+00
2.140496831368000619e-01 -1.401377960123534328e-02 0.000000000000000000e+00
-1.578251997524093841e-03 -4.234756374073414542e-01 0.000000000000000000e+00
1.129176327102345834e-01 1.946287009232940401e-01 0.000000000000000000e+00
-1.235551523627402282e-01 1.150431643986959407e-01 0.000000000000000000e+00
-3.768953600533668513e-02 3.589076320935894460e-01 0.000000000000000000e+00
2.558742780675039019e-01 -1.345295432779923805e-01 0.000000000000000000e+00
-1.940957112548199193e-01 2.202774108545787757e-01 0.000000000000000000e+00
5.214691167868447386e-02 7.077729277046968318e-03 0.000000000000000000e+00
-2.495345727036667460e-01 4.362608522404073930e-01 0.000000000000000000e+00
3.438567876771488896e-01 1.381570940125717573e-01 0.000000000000000000e+00
1.793638115069370043e-01 4.802565973940472466e-01 0.000000000000000000e+00
-4.644447728691319943e-01 -7.443429109459832882e-02 0.000000000000000000e+00
1.402292046197977926e-01 3.875769239615241002e-01 0.000000000000000000e+00
-6.129983253029964302e-02 2.034768279845985961e-01 0.000000000000000000e+00
8.469165414195342634e-02 -8.951583228103512924e-02 0.000000000000000000e+00
5.149974649791917436e-01 4.383150789956286042e-01 0.000000000000000000e+00
-1.825591721334474671e-01 9.925811200337796014e-02 0.000000000000000000e+00
7.110778112509644200e-02 3.588169286369566335e-01 0.000000000000000000e+00
-4.936631169340750108e-03 1.154091294483670788e-01 0.000000000000000000e+00
-2.378193288529723004e-01 4.517392960748917163e-02 0.000000000000000000e+00
-1.702541566291803365e-01 -1.511030042907440529e-01 0.000000000000000000e+00
2.549049716102751995e-01 -1.120416762023164065e-01 0.000000000000000000e+00
1.668477756117683897e-01 -7.311005371432152677e-02 0.000000000000000000e+00
-1.015767285746414783e-01 4.544218214239618137e-01 0.000000000000000000e+00
-3.265849601190820017e-01 -4.563669034873547026e-01 0.000000000000000000e+00
-4.773496986221315574e-01 1.707655494232799831e-01 0.000000000000000000e+00
-2.055009025429584413e-01 -2.414049062358318565e-01 0.000000000000000000e+00
4.292278175300073828e-01 3.887904088541301872e-01 0.000000000000000000e+00
-1.429633645102864892e-01 -4.787624692836832674e-01 0.000000000000000000e+00
1.991590647404103132e-01 -7.282800667770300551e-02 0.000000000000000000e+00
-1.338925216267679297e-01 -2.162974342632646985e-01 0.000000000000000000e+00
-3.524676860824391134e-01 2.549384532214038490e-03 0.000000000000000000e+00
5.640695208018478568e-03 -6.003934120147263326e-02 0.000000000000000000e+00
2.250530489517131860e-01 7.428417787808408446e-03 0.000000000000000000e+00
-5.335324926403921530e-01 -1.694538635405049842e-01 0.000000000000000000e+00
1.561043327315327078e-01 2.919746091808180649e-02 0.000000000000000000e+00
-2.625830277962995507e-01 -2.979213028747079717e-01 0.000000000000000000e+00
9.146304489960239981e-02 8.499525162935253619e-02 0.000000000000000000e+00
-4.524804970329135423e-02 -2.005431451417113292e-02 0.000000000000000000e+00
1.021323723553841517e-01 -1.598534682291279929e-01 0.000000000000000000e+00
3.133388337272278168e-01 3.587392022658489887e-01 0.000000000000000000e+00
-8.399448912585169569e-02 -3.810268986159341398e-01 0.000000000000000000e+00
3.488408560607886844e-01 -1.760443453610936182e-01 0.000000000000000000e+00
4.022211313068912997e-01 -2.130212936258592538e-01 0.000000000000000000e+00
3.346255246027289854e-01 5.475104913129342776e-01 0.000000000000000000e+00
-1.511531230880395760e-01 -1.294166462733870038e-01 0.000000000000000000e+00
-1.519011251425769760e-01 1.383752379412907241e-01 0.000000000000000000e+00
-2.325448346478899975e-01 -1.182917911343592532e-01 0.000000000000000000e+00
-2.634391640382905964e-01 -4.567596884303046223e-02 0.000000000000000000e+00
-3.093863830904399204e-01 -4.275367053756563840e-02 0.000000000000000000e+00
-2.075731675972250223e-01 -2.144019279242491416e-02 0.000000000000000000e+00
1.591055517321598722e-01 -6.689910815412933309e-02 0.000000000000000000e+00
-5.303991287495765650e-02 4.176599376034729749e-01 0.000000000000000000e+00
4.512278798989055595e-02 -7.004787698762972026e-01 0.000000000000000000e+00
3.274881326487953936e-01 -1.091966567269916089e-01 0.000000000000000000e+00
8.752723066790324413e-02 7.272875569785328120e-02 0.000000000000000000e+00
-3.320609229117620076e-02 3.810038027889357803e-02 0.000000000000000000e+00
1.251902110259776602e-01 3.552064202380227353e-01 0.000000000000000000e+00
1.816387508873061885e-01 -4.978982191064265650e-01 0.000000000000000000e+00
-1.093771578730974303e-01 -2.048917361171714024e-01 0.000000000000000000e+00
-3.236528373130767577e-02 -1.890154992982280846e-01 0.000000000000000000e+00
4.840748311430634332e-01 5.886628041572405934e-02 0.000000000000000000e+00
8.054701968163513470e-02 -1.691255944994571603e-01 0.000000000000000000e+00
2.448752541756057111e-01 1.988846946841827390e-01 0.000000000000000000e+00
-1.624291359809156010e-01 -2.643073431364517667e-01 0.000000000000000000e+00
-9.590217197978709307e-02 -1.092630400247793648e-01 0.000000000000000000e+00
-1.450079609856957663e-01 2.096823547694021961e-01 0.000000000000000000e+00
7.600697295955410882e-02 -6.080368168704970433e-01 0.000000000000000000e+00
-1.276385877237809774e-01 -2.427976554873705617e-01 0.000000000000000000e+00
-5.425469931187680561e-02 -5.617994261437009307e-01 0.000000000000000000e+00
1.370610076660541132e-01 -4.767570113752148675e-01 0.000000000000000000e+00
-5.179726672335410731e-02 4.947828264608474247e-01 0.000000000000000000e+00
6.046784569665605846e-02 3.063529289475715456e-01 0.000000000000000000e+00
5.997392014028232743e-02 -6.445322373282144635e-03 0.000000000000000000e+00
-4.456251262299362192e-01 6.504712025928116592e-02 0.000000000000000000e+00
-1.473824729362433195e-01 -2.219842427261732587e-02 0.000000000000000000e+00
-4.777485902582273569e-02 2.604582208120439363e-02 0.000000000000000000e+00
-3.196477177729253882e-01 1.436118132568435513e-02 0.000000000000000000e+00
4.476080490636001608e-02 -1.368769361838964305e-01 0.000000000000000000e+00
-1.658515850127701141e-01 -2.340877841381449054e-01 0.000000000000000000e+00
-2.965859457090954110e-01 2.549762687293193331e-01 0.000000000000000000e+00
-1.842788792339158238e-02 1.317882352956873393e-01 0.000000000000000000e+00
-1.812476178214395273e-01 3.802598088809449051e-01 0.000000000000000000e+00
-1.866075029895609139e-01 -5.172052336893314672e-01 0.000000000000000000e+00
-4.778496967492749103e-01 2.860520368564197780e-01 0.000000000000000000e+00
1.505642229289859690e-01 -1.617789264257331605e-01 0.000000000000000000e+00
-7.785204417942941102e-02 1.927970778932166715e-02 0.000000000000000000e+00
1.263113140070748486e-01 -2.361338212299771699e-01 0.000000000000000000e+00
-3.705798107801681618e-01 -3.480743414926444346e-01 0.000000000000000000e+00
1.208644400624422771e-01 -3.516649092238131880e-02 0.000000000000000000e+00
-1.242338914141208339e-02 4.882944887612005735e-01 0.000000000000000000e+00
-1.053289545110411285e-01 1.871161746884601185e-01 0.000000000000000000e+00
2.103929911188193169e-01 3.010114723102932238e-02 0.000000000000000000e+00
-2.528940925035342291e-01 -3.077987909443392622e-01 0.000000000000000000e+00
-3.643294359652681780e-01 1.967078711179482131e-01 0.000000000000000000e+00
9.916084105605885157e-02 -9.519706413718315163e-02 0.000000000000000000e+00
5.060760668347732971e-02 1.857944980254252754e-01 0.000000000000000000e+00
-4.422544397409262223e-03 -8.915992802090914882e-02 0.000000000000000000e+00
-4.163387893628991282e-02 -1.556223887093885205e-01 0.000000000000000000e+00
-4.276332399026643305e-01 -2.523151829232510579e-01 0.000000000000000000e+00
-2.481867191750970758e-01 6.151833963481621870e-02 0.000000000000000000e+00
4.773351483972328169e-02 -1.622361791099781736e-01 0.000000000000000000e+00
9.214872743648587494e-02 2.061069168381524652e-01 0.000000000000000000e+00
-1.532453878986160534e-02 -4.758260971779286752e-01 0.000000000000000000e+00
-4.533817404990366229e-01 2.247576058738431359e-01 0.000000000000000000e+00
-4.376291508993324780e-02 -1.605447666967061982e-01 0.000000000000000000e+00
1.424016526117008741e-01 -1.654188568833473150e-01 0.000000000000000000e+00
1.941667409931824850e-01 -1.003939037884347130e-01 0.000000000000000000e+00
4.020311523720344615e-01 -6.147447824743175193e-01 0.000000000000000000e+00
-2.981344812903986563e-01 -6.209653050410392228e-02 0.000000000000000000e+00
-6.840817014975657528e-01 2.224684118902245378e-02 0.000000000000000000e+00
2.009868126833864177e-01 -6.323927432736288490e-02 0.000000000000000000e+00
4.975728387492592275e-03 2.906112772935390831e-01 0.000000000000000000e+00
7.821387661657987211e-02 -2.197341136935413164e-01 0.000000000000000000e+00
-3.174685678207480599e-01 3.263742755149872665e-01 0.000000000000000000e+00
-1.753170248537851972e-01 -1.702062877629941240e-01 0.000000000000000000e+00
-2.944783402933151550e-01 2.216242287593624960e-01 0.000000000000000000e+00
-3.498550929427460821e-01 5.946399401394975026e-01 0.000000000000000000e+00
2.405541959512141892e-02 2.088509872439175408e-01 0.000000000000000000e+00
-2.919365080328084616e-01 -2.953652841349721503e-01 0.000000000000000000e+00
-4.517546874484041908e-01 -2.533144187118659962e-01 0.000000000000000000e+00
2.259242621060155720e-01 1.949597238987172687e-01 0.000000000000000000e+00
2.414935366598818245e-01 8.387857317409480595e-02 0.000000000000000000e+00
-1.054263703606801161e-01 2.292588791119598568e-01 0.000000000000000000e+00
-1.220197225666607432e-01 1.353703504265756363e-01 0.000000000000000000e+00
-2.820351511974716896e-01 -2.253463801213412832e-01 0.000000000000000000e+00
-1.441586177659400295e-02 2.409039777204672814e-02 0.000000000000000000e+00
1.098366457124650419e-01 -1.583700832218466747e-01 0.000000000000000000e+00
-1.316821851965040979e-01 2.294262464032983950e-01 0.000000000000000000e+00
-1.857103071882565959e-01 -6.326477389164462117e-01 0.000000000000000000e+00
-1.645112040648274987e-01 -8.038447718719202162e-02 0.000000000000000000e+00
-7.311730770889054987e-02 -4.318767607066376080e-01 0.000000000000000000e+00
5.645670335653995009e-01 6.380222304361277130e-01 0.000000000000000000e+00
-4.174414486543329833e-02 -9.252833513630104312e-02 0.000000000000000000e+00
2.964390588170184859e-01 2.619324357780654089e-01 0.000000000000000000e+00
-3.722823752861454533e-02 -1.450759162526673030e-01 0.000000000000000000e+00
-1.986522516225369406e-01 1.843162529396726035e-01 0.000000000000000000e+00
-6.268146079706893303e-01 -1.988030578722318198e-01 0.000000000000000000e+00
1.837157279767214282e-02 -7.403169545265633755e-02 0.000000000000000000e+00
-3.120730976520858513e-01 3.555020968115139152e-02 0.000000000000000000e+00
-7.001621646495263807e-02 4.749582295366219786e-02 0.000000000000000000e+00
1.327047625380403939e-01 -6.253505487863384449e-01 0.000000000000000000e+00
2.587370162105629562e-03 5.370308454953734434e-02 0.000000000000000000e+00
2.693722208961210618e-01 -6.099799517383247549e-02 0.000000000000000000e+00
1.773406338279304162e-01 -3.661073840662342760e-01 0.000000000000000000e+00
-1.919351119661078242e-01 -2.762984131133581212e-01 0.000000000000000000e+00
-4.509668479927280704e-01 2.912523415641222746e-01 0.000000000000000000e+00
2.042173615848614510e-01 9.847453713149048604e-02 0.000000000000000000e+00
1.786261229784956717e-01 -3.638485429314050612e-01 0.000000000000000000e+00
-7.793402046760102009e-02 1.024001596073226272e-01 0.000000000000000000e+00
7.856079652396460999e-02 -9.624543752122440010e-02 0.000000000000000000e+00
-1.809883482605148530e-01 1.261542856141828761e-01 0.000000000000000000e+00
-1.875863788157016154e-01 -3.281445099375988050e-01 0.000000000000000000e+00
-1.262072068718576023e-01 3.806507239608716286e-01 0.000000000000000000e+00
-2.457607868945016760e-01 2.388846303234254953e-01 0.000000000000000000e+00
-1.466484947091940272e-01 -2.362793732649822176e-01 0.000000000000000000e+00
-1.622086292042352607e-01 -1.583607003630580490e-01 0.000000000000000000e+00
-6.964278718095019416e-01 -9.167445027612322606e-02 0.000000000000000000e+00
-2.051108183988131217e-01 -3.945807537927853992e-01 0.000000000000000000e+00
2.237242846725244205e-01 5.754390671158304826e-01 0.000000000000000000e+00
4.103495043857000035e-02 5.227552075391572739e-01 0.000000000000000000e+00
-7.300725769706362112e-02 4.428952433688139179e-01 0.000000000000000000e+00
-1.416103201283977486e-03 -7.943326346454099296e-02 0.000000000000000000e+00
1.092566086636992395e-02 -8.682903193345594683e-01 0.000000000000000000e+00
-1.859175116022183660e-01 -5.207054582413784827e-01 0.000000000000000000e+00
-7.332734856644917976e-02 -4.463856940876857748e-02 0.000000000000000000e+00
-8.959917329435229671e-02 8.956327840616255809e-02 0.000000000000000000e+00
-2.660876671341155797e-01 1.963617364631416173e-02 0.000000000000000000e+00
-8.549478051252765165e-02 -8.570347131575736799e-02 0.000000000000000000e+00
6.986544321013740677e-03 -1.843170525829249673e-01 0.000000000000000000e+00
-8.723460790016585031e-02 -4.123875628436722285e-01 0.000000000000000000e+00
-1.906849785353219029e-01 -1.430902900690949053e-01 0.000000000000000000e+00
-1.740603181336372596e-01 2.380011881873813906e-01 0.000000000000000000e+00
7.164228221049576129e-02 -8.166555377303667818e-02 0.000000000000000000e+00
1.453024883941257395e-01 1.320719052486693246e-01 0.000000000000000000e+00
3.632710685754932389e-01 3.660765593457281086e-02 0.000000000000000000e+00
3.102061203523021060e-01 -5.622444802042576573e-01 0.000000000000000000e+00
7.143195269105782064e-01 9.919446204293669300e-01 1.000000000000000000e+00
9.254935002650287457e-01 -6.186627951714752660e-01 1.000000000000000000e+00
6.069367336608165742e-01 -1.454393529864478340e-02 1.000000000000000000e+00
6.080345944614853337e-01 -2.598069801005507551e-01 1.000000000000000000e+00
7.161034706307827236e-01 -8.913297902730977773e-01 1.000000000000000000e+00
9.006337253455223291e-01 -1.061722246887914611e+00 1.000000000000000000e+00
7.533266765066182202e-01 1.200760859395766822e+00 1.000000000000000000e+00
1.015535927376227443e+00 3.260874473215029656e-01 1.000000000000000000e+00
6.262108336751873727e-01 3.872540905300107528e-01 1.000000000000000000e+00
7.423029292795223499e-01 1.042324533608530501e+00 1.000000000000000000e+00
8.925519586842153297e-01 -7.572192594099451668e-01 1.000000000000000000e+00
5.778941741058042370e-01 -1.439589536961836946e-01 1.000000000000000000e+00
9.124684548387680394e-01 -8.957182793162696832e-01 1.000000000000000000e+00
5.940695415575124594e-01 4.811836567442973056e-01 1.000000000000000000e+00
8.506292410652147584e-01 -1.045449090754260180e+00 1.000000000000000000e+00
7.484231081967258614e-01 1.095329827307632176e+00 1.000000000000000000e+00
8.917191829778017276e-01 -8.531567452324855250e-01 1.000000000000000000e+00
6.653238138783204025e-01 -2.685467807476329405e-01 1.000000000000000000e+00
9.621975842613690322e-01 -7.256953174378415472e-01 1.000000000000000000e+00
6.570182663899650777e-01 -4.998033455086315913e-01 1.000000000000000000e+00
9.276090460839856444e-01 1.294884774320378407e-01 1.000000000000000000e+00
9.466252470981131317e-01 5.099234327838080283e-01 1.000000000000000000e+00
6.679304740709600674e-01 4.353643161929277028e-01 1.000000000000000000e+00
8.311283611768753854e-01 -1.199703105646672263e+00 1.000000000000000000e+00
8.403095348134912435e-01 -8.534017751985798483e-01 1.000000000000000000e+00
7.521346918069209408e-01 1.006365710016257520e+00 1.000000000000000000e+00
8.833271597896696914e-01 -1.017807302674280656e+00 1.000000000000000000e+00
9.800337250748899498e-01 4.493291408196419812e-01 1.000000000000000000e+00
9.729925641168324368e-01 -2.254536435147897200e-01 1.000000000000000000e+00
7.879358703297607569e-01 -8.498284064169732144e-01 1.000000000000000000e+00
7.030896519694685987e-01 -9.641355357399049586e-01 1.000000000000000000e+00
9.567741392054065486e-01 -8.463616655966240687e-01 1.000000000000000000e+00
7.525488366595063372e-01 1.249043993934167540e+00 1.000000000000000000e+00
6.395243045546180616e-01 6.252723956029748731e-01 1.000000000000000000e+00
7.765705707999286389e-01 1.129818054388593396e+00 1.000000000000000000e+00
8.439110951717159192e-01 -1.063765081341262686e+00 1.000000000000000000e+00
7.034568837031278665e-01 -1.050366490118999963e+00 1.000000000000000000e+00
6.470188154871495678e-01 6.778079650003909773e-01 1.000000000000000000e+00
8.776468730502624549e-01 -9.999384151250620967e-01 1.000000000000000000e+00
7.967297698270983108e-01 1.128675463303769888e+00 1.000000000000000000e+00
9.829516539884365356e-01 -1.052500240609771098e-01 1.000000000000000000e+00
9.349642025033174653e-01 -8.296455804420629354e-01 1.000000000000000000e+00
8.718498691455722760e-01 -8.441475954228325751e-01 1.000000000000000000e+00
5.989056343270942051e-01 3.855753808302479491e-01 1.000000000000000000e+00
9.233804689440929803e-01 -5.758254136101403908e-01 1.000000000000000000e+00
7.266406669461530354e-01 6.015039236949364376e-01 1.000000000000000000e+00
9.887700880525125413e-01 1.624703170060453616e-01 1.000000000000000000e+00
8.601207189520736485e-01 -6.179124223668608362e-01 1.000000000000000000e+00
6.942968829515298035e-01 9.605765951124778379e-01 1.000000000000000000e+00
6.217383827094313808e-01 7.905190619774467020e-01 1.000000000000000000e+00
1.045922421788158863e+00 -6.604091927527443173e-02 1.000000000000000000e+00
9.863104925585713945e-01 1.446441902460700868e-01 1.000000000000000000e+00
9.166556059074010276e-01 7.672174931060228298e-01 1.000000000000000000e+00
9.746693335680153281e-01 4.730821805498147681e-01 1.000000000000000000e+00
8.101351047464760979e-01 8.965751334663407679e-01 1.000000000000000000e+00
7.683103868880891696e-01 9.956881271217340457e-01 1.000000000000000000e+00
6.604503141509158182e-01 -9.720402399308007979e-01 1.000000000000000000e+00
6.256755566283105363e-01 -7.098075287922733789e-02 1.000000000000000000e+00
9.844716905713042365e-01 5.070211132440802793e-01 1.000000000000000000e+00
9.450375280534012434e-01 4.593371391472526599e-01 1.000000000000000000e+00
1.044691698525116008e+00 -1.905849884480200762e-01 1.000000000000000000e+00
6.586952742013054696e-01 9.338612378897875876e-01 1.000000000000000000e+00
8.837410169029856766e-01 7.948063206413633619e-01 1.000000000000000000e+00
6.341164297320063259e-01 5.228252252677026979e-01 1.000000000000000000e+00
9.279407470883631603e-01 -3.221337265684803830e-01 1.000000000000000000e+00
9.990919467487640038e-01 3.764069134532475047e-01 1.000000000000000000e+00
9.529877918360545319e-01 4.839297054717432434e-01 1.000000000000000000e+00
7.236118259536477026e-01 -9.263492358833941287e-01 1.000000000000000000e+00
8.149934722900523676e-01 1.051446806761583197e+00 1.000000000000000000e+00
8.919940634718968031e-01 -9.116513967418297115e-01 1.000000000000000000e+00
7.002907353792522382e-01 -7.933064283620920865e-01 1.000000000000000000e+00
9.253021098163549674e-01 -9.341376271254671071e-01 1.000000000000000000e+00
6.711132138874457143e-01 2.839652951843938400e-01 1.000000000000000000e+00
8.242121624232252586e-01 9.259725457691571071e-01 1.000000000000000000e+00
8.733581396658236518e-01 1.071631570147983936e+00 1.000000000000000000e+00
8.380949884330379795e-01 9.929696400759983055e-01 1.000000000000000000e+00
8.939927427397106330e-01 -1.090216544385730568e+00 1.000000000000000000e+00
8.371415498688021817e-01 1.287812162889539147e+00 1.000000000000000000e+00
6.600355181008674688e-01 -8.988708092768565860e-01 1.000000000000000000e+00
9.502758344161983395e-01 -3.420610887694585101e-01 1.000000000000000000e+00
9.547733417981563164e-01 -7.300719885285159583e-01 1.000000000000000000e+00
8.849132793739453717e-01 -7.475470317354688810e-01 1.000000000000000000e+00
8.486835138982996574e-01 9.677394119810670547e-01 1.000000000000000000e+00
7.027632589424258613e-01 -1.015030437709840250e+00 1.000000000000000000e+00
9.895141771273954223e-01 -9.638980442159644779e-02 1.000000000000000000e+00
7.386817832252944305e-01 -1.087929396001956928e+00 1.000000000000000000e+00
9.582378376801030662e-01 6.643172253939952920e-01 1.000000000000000000e+00
7.837757829680938038e-01 -9.895166695548548441e-01 1.000000000000000000e+00
6.384045545159662272e-01 -3.882436172362224019e-02 1.000000000000000000e+00
6.974985026191826698e-01 -7.832745712511660630e-01 1.000000000000000000e+00
7.895522889611116257e-01 -9.666434476988877700e-01 1.000000000000000000e+00
8.781350039261276441e-01 -6.711883449580606786e-01 1.000000000000000000e+00
1.023791825601731764e+00 -1.893333647633673178e-01 1.000000000000000000e+00
8.749634560897255886e-01 9.399332495933098164e-01 1.000000000000000000e+00
6.690143079170606244e-01 9.567288072062354320e-01 1.000000000000000000e+00
7.591450636558907394e-01 -1.282663942519565836e+00 1.000000000000000000e+00
6.090812816151377485e-01 -3.087906110325556730e-01 1.000000000000000000e+00
6.866901914270672203e-01 -8.352800077411047797e-01 1.000000000000000000e+00
9.575593958410681950e-01 -1.634773698431937761e-01 1.000000000000000000e+00
8.986155788505511000e-01 2.925540578700406846e-01 1.000000000000000000e+00
6.561986476757351028e-01 -5.873671880226860598e-01 1.000000000000000000e+00
7.942511418101632081e-01 -1.124873945645140649e+00 1.000000000000000000e+00
1.025967955866790904e+00 5.158481754009480724e-02 1.000000000000000000e+00
1.015902775710117112e+00 -2.417312712149388698e-02 1.000000000000000000e+00
6.113526770604151839e-01 6.046679439764336417e-01 1.000000000000000000e+00
6.264798246439886587e-01 -3.166249923372010944e-01 1.000000000000000000e+00
8.947297757654468775e-01 -7.571472290873336730e-01 1.000000000000000000e+00
9.701787799526604417e-01 -5.268471791875217747e-01 1.000000000000000000e+00
6.203388180717228639e-01 -4.533048018573068716e-01 1.000000000000000000e+00
9.380923544777337586e-01 5.055779734164138617e-01 1.000000000000000000e+00
8.723576074890189158e-01 1.112933547899769504e+00 1.000000000000000000e+00
8.859036948160626812e-01 6.757059608491282621e-01 1.000000000000000000e+00
6.327513173108194611e-01 8.343161585870302599e-02 1.000000000000000000e+00
1.018474100744438893e+00 4.992589949561294926e-02 1.000000000000000000e+00
9.714754185073228854e-01 -4.030237493169723795e-01 1.000000000000000000e+00
6.749315779486336764e-01 4.842834118775233287e-01 1.000000000000000000e+00
8.638586940569163986e-01 1.238840629183024067e+00 1.000000000000000000e+00
9.397423109267506458e-01 3.868866643548349304e-01 1.000000000000000000e+00
1.014437542938925407e+00 1.410662773296301187e-01 1.000000000000000000e+00
6.783565207418933429e-01 -5.693509113918009401e-01 1.000000000000000000e+00
6.778146758697088936e-01 8.721158704985746413e-01 1.000000000000000000e+00
7.676722838279592676e-01 -9.408389163564813140e-01 1.000000000000000000e+00
6.193004090776191850e-01 5.844947703123961613e-01 1.000000000000000000e+00
7.768133521005819997e-01 -1.077071933832287387e+00 1.000000000000000000e+00
9.975500442558274949e-01 2.420043228762846499e-01 1.000000000000000000e+00
6.694361007163076582e-01 2.975425102064372385e-01 1.000000000000000000e+00
9.776204325261126371e-01 5.620359739372461361e-01 1.000000000000000000e+00
8.264378008197343917e-01 -8.881891293854368152e-01 1.000000000000000000e+00
7.027689719765966014e-01 7.245400485341983998e-01 1.000000000000000000e+00
7.776144080855739160e-01 -1.014055939699195052e+00 1.000000000000000000e+00
6.071778979039237356e-01 -8.422446293887344559e-01 1.000000000000000000e+00
8.520853735713264099e-01 -1.004378481617268504e+00 1.000000000000000000e+00
6.330939105362266561e-01 4.804264290871428367e-01 1.000000000000000000e+00
5.818926812789527725e-01 -2.524869185251042425e-01 1.000000000000000000e+00
5.840454242980284150e-01 -6.243175693231284296e-01 1.000000000000000000e+00
7.637755057526395275e-01 1.008445399804959841e+00 1.000000000000000000e+00
8.691253883531465663e-01 -8.635165546448162477e-01 1.000000000000000000e+00
8.782285381626100396e-01 -6.724119754291886242e-01 1.000000000000000000e+00
8.051940398827144296e-01 -1.196703104480113744e+00 1.000000000000000000e+00
6.628862252284966061e-01 6.496806094300520140e-01 1.000000000000000000e+00
8.622111608009597195e-01 -1.003835505576077036e+00 1.000000000000000000e+00
7.951096519917574268e-01 1.002100716682132298e+00 1.000000000000000000e+00
6.752668096830647393e-01 -7.103963616112457524e-02 1.000000000000000000e+00
6.415904161645971104e-01 2.406417039742253516e-01 1.000000000000000000e+00
6.554797359135373647e-01 -3.803818795639781758e-01 1.000000000000000000e+00
7.725326576499973452e-01 1.044219518788650936e+00 1.000000000000000000e+00
8.180955022621974049e-01 1.081216694402306944e+00 1.000000000000000000e+00
8.033284283705887097e-01 -7.740081562198698473e-01 1.000000000000000000e+00
6.605243567215948186e-01 -3.198427783681538905e-01 1.000000000000000000e+00
9.205044399577605452e-01 9.888146893337523835e-01 1.000000000000000000e+00
7.424325883979844276e-01 8.947184286604465964e-01 1.000000000000000000e+00
8.466056330217027748e-01 -1.037345692386248519e+00 1.000000000000000000e+00
6.215726914687181859e-01 7.301243143358787657e-02 1.000000000000000000e+00
6.160217716600812077e-01 5.568229962471005212e-01 1.000000000000000000e+00
6.291470262583590545e-01 -4.254138298131955598e-02 1.000000000000000000e+00
6.877901352414116376e-01 -4.904844030381261821e-01 1.000000000000000000e+00
9.148003589370954369e-01 -7.014758778763721114e-01 1.000000000000000000e+00
8.611077141373787436e-01 6.411338509031107025e-01 1.000000000000000000e+00
7.402419632236362235e-01 4.733059425678414200e-01 1.000000000000000000e+00
9.832116838209887799e-01 -4.434468429796214473e-01 1.000000000000000000e+00
9.723325202859394167e-01 6.651736267801192648e-01 1.000000000000000000e+00
8.991127214967905568e-01 9.153204291575907092e-01 1.000000000000000000e+00
6.694770695089032886e-01 2.975194343212902437e-01 1.000000000000000000e+00
7.369248768815315209e-01 -9.151796446340294544e-01 1.000000000000000000e+00
9.819333643663322730e-01 1.110810365757068652e-01 1.000000000000000000e+00
7.669712872048222163e-01 8.604204327788156359e-01 1.000000000000000000e+00
9.016473607278565616e-01 -6.514093834172208775e-01 1.000000000000000000e+00
8.999417199056172212e-01 -6.034477844409288916e-02 1.000000000000000000e+00
6.536418046972065632e-01 4.633463618136899331e-01 1.000000000000000000e+00
7.025482791728341336e-01 -8.046377078526341098e-01 1.000000000000000000e+00
6.542060027951859258e-01 2.938138482116962047e-01 1.000000000000000000e+00
7.149734138064886002e-01 8.427042668234954181e-01 1.000000000000000000e+00
6.532007612846605360e-01 -6.348470052556983712e-01 1.000000000000000000e+00
8.802636042155748131e-01 1.013808206581862992e+00 1.000000000000000000e+00
8.553005861559309642e-01 -7.055645751838452995e-01 1.000000000000000000e+00
6.447992647421806334e-01 4.776191341447829641e-01 1.000000000000000000e+00
8.212598777313780962e-01 -9.372243447900565627e-01 1.000000000000000000e+00
9.242924141499797575e-01 5.388102107858345757e-01 1.000000000000000000e+00
9.836647697510491062e-01 5.717553534061048381e-02 1.000000000000000000e+00
9.402600292802607562e-01 2.400179832622041654e-01 1.000000000000000000e+00
9.495241826092227777e-01 -8.185826540077442703e-02 1.000000000000000000e+00
8.823170982188337508e-01 -8.929382545777850844e-01 1.000000000000000000e+00
7.368911210040073323e-01 9.517523944181194295e-01 1.000000000000000000e+00
6.147560183748529417e-01 2.200634712845083163e-01 1.000000000000000000e+00
6.296526680748629756e-01 7.724156526612836748e-02 1.000000000000000000e+00
9.827048228262977858e-01 -6.429387444090570725e-01 1.000000000000000000e+00
6.014503567417671670e-01 5.518798541090774723e-01 1.000000000000000000e+00
8.736132076365487054e-01 -8.114792697621329154e-01 1.000000000000000000e+00
8.902987810403458768e-01 -6.466664063238161120e-01 1.000000000000000000e+00
7.946308719052336267e-01 -1.065138724023218408e+00 1.000000000000000000e+00
9.733695959258967800e-01 2.332514040335260663e-01 1.000000000000000000e+00
6.752487053070023171e-01 7.687008923794928783e-02 1.000000000000000000e+00
7.990956625875641484e-01 8.796043095302387149e-01 1.000000000000000000e+00
8.779497344500198919e-01 -9.209350065754603465e-01 1.000000000000000000e+00
6.383589459021470347e-01 -3.039886373324912627e-01 1.000000000000000000e+00
9.252277221846507693e-01 4.256716951389731829e-01 1.000000000000000000e+00
6.682465255697551676e-01 -1.156465113107727261e+00 1.000000000000000000e+00
9.353668559980912178e-01 2.915971956977818635e-01 1.000000000000000000e+00
9.722563801662480465e-01 -1.202775985865564834e-01 1.000000000000000000e+00
8.807547082575284403e-01 7.471746034194060027e-01 1.000000000000000000e+00
6.571043394838345097e-01 -6.498301181410496286e-01 1.000000000000000000e+00
7.898172471640678705e-01 -1.055765533510470533e+00 1.000000000000000000e+00
9.567425864972068927e-01 -4.476825670419846692e-01 1.000000000000000000e+00
8.237129939735868822e-01 9.303798273279316744e-01 1.000000000000000000e+00
6.982502663604863713e-01 8.114312443262979846e-01 1.000000000000000000e+00
6.890077509013231571e-01 7.564543084082044899e-01 1.000000000000000000e+00
7.069626660696601839e-01 8.055163146654981121e-01 1.000000000000000000e+00
9.724391113649955010e-01 -4.030655890668409236e-01 1.000000000000000000e+00
9.815116207787011327e-01 -2.217625407860657205e-01 1.000000000000000000e+00
6.361455799303412650e-01 7.917524703054452662e-01 1.000000000000000000e+00
9.490020396481815279e-01 -6.563875139042353313e-01 1.000000000000000000e+00
7.687113120796210675e-01 1.133967846194116058e+00 1.000000000000000000e+00
6.615393239233462452e-01 -4.489301435439906340e-01 1.000000000000000000e+00
6.556155254613078576e-01 -4.356159495306727858e-01 1.000000000000000000e+00
6.057132905479949425e-01 8.800749762227869089e-02 1.000000000000000000e+00
6.659121300039259062e-01 -5.378974767617039632e-02 1.000000000000000000e+00
9.834913708058588000e-01 -1.232512782919556321e-01 1.000000000000000000e+00
9.588723059550264827e-01 -3.891502927319501204e-02 1.000000000000000000e+00
9.140568496178339553e-01 -7.962104495618899103e-01 1.000000000000000000e+00
1.041276171899802483e+00 2.497845215881164260e-01 1.000000000000000000e+00
8.339097037114742150e-01 8.119320035287380666e-01 1.000000000000000000e+00
9.829243716494622252e-01 -2.498872950223975098e-01 1.000000000000000000e+00
9.526567121557112383e-01 4.211360438500452719e-01 1.000000000000000000e+00
7.813169688852615868e-01 8.365223686931847480e-01 1.000000000000000000e+00
9.693177274844120284e-01 5.634384207726390592e-01 1.000000000000000000e+00
8.833013533263953665e-01 -6.305332662062256288e-01 1.000000000000000000e+00
9.903023592209347914e-01 6.370531416744244779e-02 1.000000000000000000e+00
6.778905070035092795e-01 -6.569921182678655214e-01 1.000000000000000000e+00
6.542344458960507314e-01 -1.005329698492158919e+00 1.000000000000000000e+00
6.469308389574370821e-01 -9.107485599863240910e-04 1.000000000000000000e+00
9.577768098231560501e-01 -2.039161905125418672e-01 1.000000000000000000e+00
8.097329314497200281e-01 -8.613061066500437013e-01 1.000000000000000000e+00
9.827284936343041455e-01 2.324365587548982148e-02 1.000000000000000000e+00
7.088626692153819908e-01 -7.922190421138719518e-01 1.000000000000000000e+00
6.773771346283747885e-01 8.688083417489051996e-01 1.000000000000000000e+00
9.824806574596034459e-01 -4.857476094376197429e-01 1.000000000000000000e+00
7.159391520940179277e-01 -9.515284383097057930e-01 1.000000000000000000e+00
1.013133209454610162e+00 -2.388854986218805210e-01 1.000000000000000000e+00
6.858448694888041874e-01 9.249509019898918272e-01 1.000000000000000000e+00
9.058118474592242730e-01 5.922011233329094182e-01 1.000000000000000000e+00
9.009648163634367268e-01 -8.756312202941405332e-01 1.000000000000000000e+00
9.768153484305683865e-01 -1.055108351430036617e-01 1.000000000000000000e+00
9.427520248869797337e-01 7.449972038461040169e-01 1.000000000000000000e+00
8.563432852513481741e-01 9.024858628460301624e-01 1.000000000000000000e+00
8.846026772851002251e-01 9.592606230511544485e-01 1.000000000000000000e+00
6.346164451870557333e-01 -2.057978130630276625e-01 1.000000000000000000e+00
9.634800922132011891e-01 1.935723705503832881e-01 1.000000000000000000e+00
9.429385016713773826e-01 -4.135242703236087225e-01 1.000000000000000000e+00
1.011385996749507576e+00 -5.078672567044809627e-01 1.000000000000000000e+00
7.902784370340855125e-01 1.157511739793342764e+00 1.000000000000000000e+00
9.335607607284848175e-01 -1.056789927875377177e+00 1.000000000000000000e+00
9.693699829074511332e-01 -3.692154644163573862e-01 1.000000000000000000e+00
6.612865894382237153e-01 -5.341395627928147150e-01 1.000000000000000000e+00
7.399151573447243502e-01 -1.049577757410594891e+00 1.000000000000000000e+00
6.010476777914223190e-01 1.642366230326647303e-01 1.000000000000000000e+00
6.009220331676975446e-01 2.910466007445994263e-01 1.000000000000000000e+00
6.728587191336106166e-01 -1.427595855042254058e-01 1.000000000000000000e+00
9.987353196507067210e-01 2.525163997120095649e-01 1.000000000000000000e+00
9.796657348103080531e-01 6.708259056640830664e-01 1.000000000000000000e+00
7.773103951705278014e-01 1.110664434033660664e+00 1.000000000000000000e+00
1.021292980102732395e+00 -3.094050096322582544e-01 1.000000000000000000e+00
8.974950902853027213e-01 5.197822404521357242e-01 1.000000000000000000e+00
9.784348865937664286e-01 2.526730936406429429e-03 1.000000000000000000e+00
9.863384970141857444e-01 -1.535472828061920647e-01 1.000000000000000000e+00
7.385247583891755285e-01 1.008473418530417609e+00 1.000000000000000000e+00
9.805342300981402248e-01 -3.749877691918258038e-01 1.000000000000000000e+00
9.107823157273102765e-01 7.436382873660110082e-01 1.000000000000000000e+00
6.863906960979958560e-01 -5.496829410755920131e-01 1.000000000000000000e+00
1.012462004930913650e+00 -3.116944327082443178e-01 1.000000000000000000e+00
9.560080152949255172e-01 5.932080220566104956e-01 1.000000000000000000e+00
6.966460919883443736e-01 5.943176974251453970e-01 1.000000000000000000e+00
6.914616095299478404e-01 -3.881450210589186822e-01 1.000000000000000000e+00
8.186039904791977406e-01 -1.033350901347346751e+00 1.000000000000000000e+00
8.516682229711822760e-01 -8.813684392481027086e-01 1.000000000000000000e+00
6.743988970093585111e-01 -5.275844959361308817e-01 1.000000000000000000e+00
8.449264388641654078e-01 -1.008575604080485189e+00 1.000000000000000000e+00
7.901882870066831988e-01 -7.736370467095925463e-01 1.000000000000000000e+00
8.660603644181179561e-01 7.739734825539789087e-01 1.000000000000000000e+00
8.661646723937991288e-01 1.095310895745295943e+00 1.000000000000000000e+00
6.166259149900185088e-01 -1.896789159520371193e-01 1.000000000000000000e+00
8.683285086598926394e-01 -1.085434742103794648e+00 1.000000000000000000e+00
9.050253408351451867e-01 7.271662253079975713e-01 1.000000000000000000e+00
8.117596854248814164e-01 -9.224222127936738680e-01 1.000000000000000000e+00
9.374680412991425182e-01 5.699881258544553519e-01 1.000000000000000000e+00
6.500270835399192260e-01 1.000318845387317745e+00 1.000000000000000000e+00
6.419168821365539568e-01 -2.899902424796617639e-01 1.000000000000000000e+00
9.810581566270357712e-01 3.561270279524023641e-01 1.000000000000000000e+00
6.530881859682289292e-01 -4.999501789339036439e-01 1.000000000000000000e+00
9.294107749989253264e-01 7.695049725113487504e-01 1.000000000000000000e+00
6.527792451507488103e-01 8.766887401830253390e-01 1.000000000000000000e+00
6.470219971772589451e-01 -7.074386049350916972e-01 1.000000000000000000e+00
7.143010377224990881e-01 -8.129662161436379542e-01 1.000000000000000000e+00
9.933779862176854714e-01 1.164327985632597484e-02 1.000000000000000000e+00
6.261547279103281127e-01 1.181963926452082869e-01 1.000000000000000000e+00
6.612146170915755850e-01 -5.011299124239210201e-01 1.000000000000000000e+00
7.793803563872874207e-01 -1.000736308035197641e+00 1.000000000000000000e+00
9.439995427985704568e-01 -7.596537343210526538e-01 1.000000000000000000e+00
8.242612038591526913e-01 9.259956618957840835e-01 1.000000000000000000e+00
8.672538148367490152e-01 -9.162015448639007076e-01 1.000000000000000000e+00
8.819337735880938833e-01 8.320667792327079981e-01 1.000000000000000000e+00
